[[ 0.00000000e+00 -7.45868323e-03  1.06415667e-02 -1.07128685e+01]
 [ 0.00000000e+00 -7.45664759e-03  1.06415667e-02 -9.33661639e+00]
 [ 0.00000000e+00 -7.45406625e-03  1.06415667e-02 -7.65904365e+00]
 ...
 [ 6.51042839e-68  3.75615571e-02 -6.15233679e-03  6.46152589e+02]
 [ 2.44493429e-68  3.72870913e-02 -6.09897709e-03  7.39127480e+02]
 [ 1.22161699e-68  3.70084424e-02 -6.08572747e-03  7.58489305e+02]]
0        0.277282
1        0.277240
2        0.277204
3        0.277180
4        0.277164
           ...   
45796    0.011118
45797    0.011135
45798    0.011142
45799    0.011156
45800    0.011188
Name: delta_e, Length: 45801, dtype: float64
